0.05 2.31972e-07 4.093e-08
0.055 1.81253e-07 3.0578e-08
0.06 1.45075e-07 2.34088e-08
0.065 1.18476e-07 1.82904e-08
0.07 9.84147e-08 1.45411e-08
0.075 8.29497e-08 1.17339e-08
0.08 7.08014e-08 9.59196e-09
0.085 6.11001e-08 7.9303e-09
0.09 5.32402e-08 6.62239e-09
0.095 4.67899e-08 5.57958e-09
0.1 4.14355e-08 4.73852e-09
0.105 3.6945e-08 4.05317e-09
0.11 3.3144e-08 3.48947e-09
0.115 2.98995e-08 3.02191e-09
0.12 2.71088e-08 2.63112e-09
0.125 2.46917e-08 2.30219e-09
0.13 2.25847e-08 2.02354e-09
0.135 2.07372e-08 1.78609e-09
0.14 1.91084e-08 1.58265e-09
0.145 1.76652e-08 1.40745e-09
0.15 1.63806e-08 1.25588e-09
0.155 1.52321e-08 1.12416e-09
0.16 1.42012e-08 1.00923e-09
0.165 1.32724e-08 9.08573e-10
0.17 1.24325e-08 8.20096e-10
0.175 1.16707e-08 7.42065e-10
0.18 1.09774e-08 6.73028e-10
0.185 1.03447e-08 6.11767e-10
0.19 9.76579e-09 5.57253e-10
0.195 9.23462e-09 5.08613e-10
0.2 8.74609e-09 4.65105e-10
0.205 8.29576e-09 4.26093e-10
0.21 7.87972e-09 3.91034e-10
0.215 7.49457e-09 3.59457e-10
0.22 7.13732e-09 3.30958e-10
0.225 6.80532e-09 3.05187e-10
0.23 6.49624e-09 2.81837e-10
0.235 6.20801e-09 2.60642e-10
0.24 5.93879e-09 2.41371e-10
0.245 5.68694e-09 2.23819e-10
0.25 5.45098e-09 2.07807e-10
0.255 5.22962e-09 1.93177e-10
0.26 5.02165e-09 1.79791e-10
0.265 4.82602e-09 1.67524e-10
0.27 4.64177e-09 1.56268e-10
0.275 4.46803e-09 1.45925e-10
0.28 4.30401e-09 1.36409e-10
0.285 4.149e-09 1.27643e-10
0.29 4.00234e-09 1.19558e-10
0.295 3.86345e-09 1.12092e-10
0.3 3.73179e-09 1.0519e-10
0.305 3.60686e-09 9.88021e-11
0.31 3.4882e-09 9.28838e-11
0.315 3.37541e-09 8.73948e-11
0.32 3.2681e-09 8.22987e-11
0.325 3.16593e-09 7.75628e-11
0.33 3.06856e-09 7.31573e-11
0.335 2.9757e-09 6.90553e-11
0.34 2.88708e-09 6.52324e-11
0.345 2.80244e-09 6.16665e-11
0.35 2.72155e-09 5.83373e-11
0.355 2.64418e-09 5.52265e-11
0.36 2.57014e-09 5.23174e-11
0.365 2.49924e-09 4.95946e-11
0.37 2.4313e-09 4.70443e-11
0.375 2.36616e-09 4.46536e-11
0.38 2.30366e-09 4.24109e-11
0.385 2.24367e-09 4.03055e-11
0.39 2.18605e-09 3.83274e-11
0.395 2.13069e-09 3.64678e-11
0.4 2.07745e-09 3.47182e-11
0.405 2.02624e-09 3.30711e-11
0.41 1.97696e-09 3.15194e-11
0.415 1.9295e-09 3.00567e-11
0.42 1.88378e-09 2.86769e-11
0.425 1.83972e-09 2.73746e-11
0.43 1.79723e-09 2.61446e-11
0.435 1.75625e-09 2.49822e-11
0.44 1.71669e-09 2.38832e-11
0.445 1.67851e-09 2.28433e-11
0.45 1.64162e-09 2.18589e-11
0.455 1.60598e-09 2.09265e-11
0.46 1.57153e-09 2.00429e-11
0.465 1.53822e-09 1.9205e-11
0.47 1.506e-09 1.84101e-11
0.475 1.47481e-09 1.76556e-11
0.48 1.44463e-09 1.69391e-11
0.485 1.4154e-09 1.62582e-11
0.49 1.38708e-09 1.5611e-11
0.495 1.35964e-09 1.49955e-11
0.5 1.33304e-09 1.44098e-11
0.505 1.30725e-09 1.38523e-11
0.51 1.28223e-09 1.33212e-11
0.515 1.25796e-09 1.28153e-11
0.52 1.2344e-09 1.2333e-11
0.525 1.21153e-09 1.1873e-11
0.53 1.18932e-09 1.14342e-11
0.535 1.16775e-09 1.10153e-11
0.54 1.14678e-09 1.06154e-11
0.545 1.12641e-09 1.02334e-11
0.55 1.1066e-09 9.86826e-12
0.555 1.08734e-09 9.51924e-12
0.56 1.0686e-09 9.18544e-12
0.565 1.05038e-09 8.86608e-12
0.57 1.03264e-09 8.56043e-12
0.575 1.01537e-09 8.26778e-12
0.58 9.98557e-10 7.98749e-12
0.585 9.82183e-10 7.71893e-12
0.59 9.66234e-10 7.46153e-12
0.595 9.50694e-10 7.21473e-12
0.6 9.35549e-10 6.97801e-12
0.605 9.20787e-10 6.7509e-12
0.61 9.06394e-10 6.53292e-12
0.615 8.92359e-10 6.32364e-12
0.62 8.78669e-10 6.12266e-12
0.625 8.65313e-10 5.92957e-12
0.63 8.5228e-10 5.74402e-12
0.635 8.39561e-10 5.56565e-12
0.64 8.27144e-10 5.39413e-12
0.645 8.15021e-10 5.22915e-12
0.65 8.03182e-10 5.07043e-12
0.655 7.91619e-10 4.91766e-12
0.66 7.80322e-10 4.77059e-12
0.665 7.69284e-10 4.62897e-12
0.67 7.58497e-10 4.49256e-12
0.675 7.47954e-10 4.36112e-12
0.68 7.37646e-10 4.23445e-12
0.685 7.27567e-10 4.11234e-12
0.69 7.1771e-10 3.99459e-12
0.695 7.08068e-10 3.88102e-12
0.7 6.98636e-10 3.77144e-12
0.705 6.89408e-10 3.66571e-12
0.71 6.80376e-10 3.56365e-12
0.715 6.71537e-10 3.46511e-12
0.72 6.62884e-10 3.36995e-12
0.725 6.54412e-10 3.27803e-12
0.73 6.46116e-10 3.18922e-12
0.735 6.37991e-10 3.10339e-12
0.74 6.30032e-10 3.02043e-12
0.745 6.22236e-10 2.94022e-12
0.75 6.14597e-10 2.86265e-12
0.755 6.07111e-10 2.78762e-12
0.76 5.99774e-10 2.71503e-12
0.765 5.92582e-10 2.64478e-12
0.77 5.85532e-10 2.5768e-12
0.775 5.78619e-10 2.51098e-12
0.78 5.7184e-10 2.44724e-12
0.785 5.65191e-10 2.38552e-12
0.79 5.5867e-10 2.32572e-12
0.795 5.52272e-10 2.26779e-12
0.8 5.45995e-10 2.21165e-12
0.805 5.39835e-10 2.15723e-12
0.81 5.33791e-10 2.10448e-12
0.815 5.27858e-10 2.05333e-12
0.82 5.22033e-10 2.00372e-12
0.825 5.16316e-10 1.9556e-12
0.83 5.10702e-10 1.90892e-12
0.835 5.05188e-10 1.86362e-12
0.84 4.99774e-10 1.81965e-12
0.845 4.94456e-10 1.77698e-12
0.85 4.89232e-10 1.73555e-12
0.855 4.841e-10 1.69531e-12
0.86 4.79057e-10 1.65624e-12
0.865 4.74101e-10 1.61828e-12
0.87 4.69231e-10 1.58141e-12
0.875 4.64445e-10 1.54558e-12
0.88 4.5974e-10 1.51076e-12
0.885 4.55114e-10 1.47691e-12
0.89 4.50566e-10 1.444e-12
0.895 4.46094e-10 1.41201e-12
0.9 4.41697e-10 1.3809e-12
0.905 4.37372e-10 1.35064e-12
0.91 4.33118e-10 1.3212e-12
0.915 4.28933e-10 1.29256e-12
0.92 4.24817e-10 1.26469e-12
0.925 4.20766e-10 1.23757e-12
0.93 4.16781e-10 1.21118e-12
0.935 4.12859e-10 1.18548e-12
0.94 4.08999e-10 1.16046e-12
0.945 4.052e-10 1.13609e-12
0.95 4.0146e-10 1.11237e-12
0.955 3.97779e-10 1.08926e-12
0.96 3.94154e-10 1.06674e-12
0.965 3.90586e-10 1.04481e-12
0.97 3.87072e-10 1.02343e-12
0.975 3.83611e-10 1.0026e-12
0.98 3.80203e-10 9.82296e-13
0.985 3.76846e-10 9.62504e-13
0.99 3.73539e-10 9.43207e-13
0.995 3.70282e-10 9.24392e-13
1 3.67072e-10 9.06043e-13
1.005 3.6391e-10 8.88147e-13
1.01 3.60794e-10 8.70691e-13
1.015 3.57724e-10 8.53662e-13
1.02 3.54698e-10 8.37047e-13
1.025 3.51715e-10 8.20834e-13
1.03 3.48775e-10 8.05012e-13
1.035 3.45878e-10 7.89569e-13
1.04 3.43021e-10 7.74495e-13
1.045 3.40204e-10 7.59778e-13
1.05 3.37427e-10 7.4541e-13
1.055 3.34689e-10 7.31379e-13
1.06 3.31988e-10 7.17678e-13
1.065 3.29325e-10 7.04295e-13
1.07 3.26699e-10 6.91223e-13
1.075 3.24108e-10 6.78453e-13
1.08 3.21553e-10 6.65976e-13
1.085 3.19032e-10 6.53785e-13
1.09 3.16545e-10 6.41871e-13
1.095 3.14091e-10 6.30228e-13
1.1 3.1167e-10 6.18847e-13
1.105 3.09281e-10 6.07723e-13
1.11 3.06924e-10 5.96846e-13
1.115 3.04598e-10 5.86213e-13
1.12 3.02301e-10 5.75815e-13
1.125 3.00035e-10 5.65646e-13
1.13 2.97798e-10 5.55701e-13
1.135 2.9559e-10 5.45974e-13
1.14 2.9341e-10 5.36458e-13
1.145 2.91258e-10 5.27149e-13
1.15 2.89133e-10 5.18041e-13
1.155 2.87035e-10 5.09129e-13
1.16 2.84963e-10 5.00407e-13
1.165 2.82917e-10 4.91872e-13
1.17 2.80897e-10 4.83518e-13
1.175 2.78902e-10 4.7534e-13
1.18 2.76931e-10 4.67334e-13
1.185 2.74984e-10 4.59497e-13
1.19 2.73062e-10 4.51823e-13
1.195 2.71162e-10 4.44308e-13
1.2 2.69286e-10 4.36949e-13
1.205 2.67432e-10 4.29742e-13
1.21 2.656e-10 4.22683e-13
1.215 2.6379e-10 4.15768e-13
1.22 2.62002e-10 4.08994e-13
1.225 2.60235e-10 4.02357e-13
1.23 2.58489e-10 3.95855e-13
1.235 2.56763e-10 3.89483e-13
1.24 2.55057e-10 3.83239e-13
1.245 2.53371e-10 3.77119e-13
1.25 2.51705e-10 3.71122e-13
1.255 2.50058e-10 3.65243e-13
1.26 2.48429e-10 3.5948e-13
1.265 2.4682e-10 3.5383e-13
1.27 2.45228e-10 3.4829e-13
1.275 2.43655e-10 3.42859e-13
1.28 2.42099e-10 3.37533e-13
1.285 2.40561e-10 3.3231e-13
1.29 2.3904e-10 3.27188e-13
1.295 2.37536e-10 3.22164e-13
1.3 2.36049e-10 3.17236e-13
1.305 2.34578e-10 3.12402e-13
1.31 2.33123e-10 3.0766e-13
1.315 2.31684e-10 3.03008e-13
1.32 2.30261e-10 2.98443e-13
1.325 2.28853e-10 2.93963e-13
1.33 2.2746e-10 2.89568e-13
1.335 2.26083e-10 2.85254e-13
1.34 2.2472e-10 2.8102e-13
1.345 2.23372e-10 2.76865e-13
1.35 2.22038e-10 2.72786e-13
1.355 2.20718e-10 2.68782e-13
1.36 2.19413e-10 2.64851e-13
1.365 2.18121e-10 2.60991e-13
1.37 2.16842e-10 2.57202e-13
1.375 2.15577e-10 2.53481e-13
1.38 2.14325e-10 2.49828e-13
1.385 2.13086e-10 2.46239e-13
1.39 2.11859e-10 2.42715e-13
1.395 2.10646e-10 2.39254e-13
1.4 2.09444e-10 2.35855e-13
1.405 2.08255e-10 2.32515e-13
1.41 2.07078e-10 2.29235e-13
1.415 2.05913e-10 2.26012e-13
1.42 2.0476e-10 2.22845e-13
1.425 2.03618e-10 2.19734e-13
1.43 2.02488e-10 2.16677e-13
1.435 2.01369e-10 2.13673e-13
1.44 2.00261e-10 2.1072e-13
1.445 1.99164e-10 2.07819e-13
1.45 1.98078e-10 2.04967e-13
1.455 1.97002e-10 2.02164e-13
1.46 1.95937e-10 1.99409e-13
1.465 1.94883e-10 1.96701e-13
1.47 1.93838e-10 1.94038e-13
1.475 1.92804e-10 1.91421e-13
1.48 1.9178e-10 1.88847e-13
1.485 1.90765e-10 1.86316e-13
1.49 1.8976e-10 1.83828e-13
1.495 1.88765e-10 1.81381e-13
1.5 1.8778e-10 1.78975e-13
1.505 1.86803e-10 1.76608e-13
1.51 1.85836e-10 1.74281e-13
1.515 1.84878e-10 1.71991e-13
1.52 1.83929e-10 1.69739e-13
1.525 1.82989e-10 1.67524e-13
1.53 1.82057e-10 1.65345e-13
1.535 1.81135e-10 1.63201e-13
1.54 1.8022e-10 1.61092e-13
1.545 1.79315e-10 1.59017e-13
1.55 1.78417e-10 1.56975e-13
1.555 1.77528e-10 1.54966e-13
1.56 1.76647e-10 1.52988e-13
1.565 1.75773e-10 1.51043e-13
1.57 1.74908e-10 1.49128e-13
1.575 1.74051e-10 1.47243e-13
1.58 1.73201e-10 1.45388e-13
1.585 1.72359e-10 1.43562e-13
1.59 1.71524e-10 1.41765e-13
1.595 1.70697e-10 1.39995e-13
1.6 1.69878e-10 1.38254e-13
1.605 1.69065e-10 1.36539e-13
1.61 1.6826e-10 1.34851e-13
1.615 1.67462e-10 1.33188e-13
1.62 1.6667e-10 1.31552e-13
1.625 1.65886e-10 1.2994e-13
1.63 1.65109e-10 1.28353e-13
1.635 1.64338e-10 1.2679e-13
1.64 1.63574e-10 1.25251e-13
1.645 1.62816e-10 1.23735e-13
1.65 1.62065e-10 1.22242e-13
1.655 1.61321e-10 1.20772e-13
1.66 1.60583e-10 1.19323e-13
1.665 1.59851e-10 1.17896e-13
1.67 1.59125e-10 1.16491e-13
1.675 1.58406e-10 1.15106e-13
1.68 1.57693e-10 1.13742e-13
1.685 1.56985e-10 1.12398e-13
1.69 1.56284e-10 1.11073e-13
1.695 1.55588e-10 1.09769e-13
1.7 1.54899e-10 1.08483e-13
1.705 1.54215e-10 1.07216e-13
1.71 1.53536e-10 1.05967e-13
1.715 1.52864e-10 1.04737e-13
1.72 1.52197e-10 1.03524e-13
1.725 1.51535e-10 1.02329e-13
1.73 1.50879e-10 1.01152e-13
1.735 1.50228e-10 9.99905e-14
1.74 1.49582e-10 9.88462e-14
1.745 1.48942e-10 9.77181e-14
1.75 1.48307e-10 9.66061e-14
1.755 1.47677e-10 9.55099e-14
1.76 1.47052e-10 9.44292e-14
1.765 1.46432e-10 9.33637e-14
1.77 1.45817e-10 9.23132e-14
1.775 1.45207e-10 9.12774e-14
1.78 1.44602e-10 9.02561e-14
1.785 1.44002e-10 8.92491e-14
1.79 1.43406e-10 8.82561e-14
1.795 1.42815e-10 8.72768e-14
1.8 1.42229e-10 8.63111e-14
1.805 1.41648e-10 8.53587e-14
1.81 1.41071e-10 8.44194e-14
1.815 1.40498e-10 8.3493e-14
1.82 1.3993e-10 8.25793e-14
1.825 1.39366e-10 8.1678e-14
1.83 1.38807e-10 8.0789e-14
1.835 1.38252e-10 7.99121e-14
1.84 1.37702e-10 7.9047e-14
1.845 1.37155e-10 7.81936e-14
1.85 1.36613e-10 7.73517e-14
1.855 1.36075e-10 7.65211e-14
1.86 1.35541e-10 7.57016e-14
1.865 1.35011e-10 7.4893e-14
1.87 1.34485e-10 7.40952e-14
1.875 1.33963e-10 7.33081e-14
1.88 1.33445e-10 7.25313e-14
1.885 1.32931e-10 7.17648e-14
1.89 1.32421e-10 7.10084e-14
1.895 1.31914e-10 7.02619e-14
1.9 1.31412e-10 6.95252e-14
1.905 1.30913e-10 6.87982e-14
1.91 1.30418e-10 6.80806e-14
1.915 1.29926e-10 6.73723e-14
1.92 1.29438e-10 6.66733e-14
1.925 1.28954e-10 6.59833e-14
1.93 1.28473e-10 6.53022e-14
1.935 1.27996e-10 6.46298e-14
1.94 1.27522e-10 6.39661e-14
1.945 1.27052e-10 6.33109e-14
1.95 1.26585e-10 6.2664e-14
1.955 1.26122e-10 6.20254e-14
1.96 1.25662e-10 6.13949e-14
1.965 1.25205e-10 6.07724e-14
1.97 1.24751e-10 6.01578e-14
1.975 1.24301e-10 5.95509e-14
1.98 1.23854e-10 5.89517e-14
1.985 1.2341e-10 5.83599e-14
1.99 1.2297e-10 5.77756e-14
1.995 1.22532e-10 5.71986e-14
2 1.22098e-10 5.66287e-14
2.005 1.21667e-10 5.6066e-14
2.01 1.21238e-10 5.55102e-14
2.015 1.20813e-10 5.49612e-14
2.02 1.20391e-10 5.44191e-14
2.025 1.19972e-10 5.38836e-14
2.03 1.19555e-10 5.33547e-14
2.035 1.19142e-10 5.28323e-14
2.04 1.18731e-10 5.23162e-14
2.045 1.18323e-10 5.18064e-14
2.05 1.17919e-10 5.13028e-14
2.055 1.17517e-10 5.08054e-14
2.06 1.17117e-10 5.03139e-14
2.065 1.16721e-10 4.98284e-14
2.07 1.16327e-10 4.93487e-14
2.075 1.15936e-10 4.88747e-14
2.08 1.15547e-10 4.84065e-14
2.085 1.15161e-10 4.79438e-14
2.09 1.14778e-10 4.74867e-14
2.095 1.14398e-10 4.70349e-14
2.1 1.1402e-10 4.65886e-14
2.105 1.13644e-10 4.61475e-14
2.11 1.13271e-10 4.57117e-14
2.115 1.12901e-10 4.52809e-14
2.12 1.12533e-10 4.48553e-14
2.125 1.12167e-10 4.44346e-14
2.13 1.11804e-10 4.40188e-14
2.135 1.11444e-10 4.36079e-14
2.14 1.11086e-10 4.32018e-14
2.145 1.1073e-10 4.28004e-14
2.15 1.10376e-10 4.24036e-14
2.155 1.10025e-10 4.20114e-14
2.16 1.09676e-10 4.16238e-14
2.165 1.0933e-10 4.12406e-14
2.17 1.08986e-10 4.08618e-14
2.175 1.08644e-10 4.04874e-14
2.18 1.08304e-10 4.01172e-14
2.185 1.07966e-10 3.97513e-14
2.19 1.07631e-10 3.93895e-14
2.195 1.07298e-10 3.90318e-14
2.2 1.06967e-10 3.86782e-14
2.205 1.06638e-10 3.83286e-14
2.21 1.06311e-10 3.79829e-14
2.215 1.05986e-10 3.76411e-14
2.22 1.05664e-10 3.73031e-14
2.225 1.05343e-10 3.69689e-14
2.23 1.05025e-10 3.66385e-14
2.235 1.04708e-10 3.63117e-14
2.24 1.04394e-10 3.59886e-14
2.245 1.04082e-10 3.5669e-14
2.25 1.03771e-10 3.5353e-14
2.255 1.03463e-10 3.50405e-14
2.26 1.03156e-10 3.47315e-14
2.265 1.02852e-10 3.44258e-14
2.27 1.02549e-10 3.41235e-14
2.275 1.02248e-10 3.38245e-14
2.28 1.01949e-10 3.35288e-14
2.285 1.01652e-10 3.32362e-14
2.29 1.01357e-10 3.29469e-14
2.295 1.01064e-10 3.26607e-14
2.3 1.00773e-10 3.23777e-14
2.305 1.00483e-10 3.20976e-14
2.31 1.00195e-10 3.18206e-14
2.315 9.99088e-11 3.15466e-14
2.32 9.96245e-11 3.12755e-14
2.325 9.93419e-11 3.10074e-14
2.33 9.9061e-11 3.07421e-14
2.335 9.87819e-11 3.04796e-14
2.34 9.85045e-11 3.02199e-14
2.345 9.82287e-11 2.9963e-14
2.35 9.79547e-11 2.97088e-14
2.355 9.76823e-11 2.94573e-14
2.36 9.74115e-11 2.92085e-14
2.365 9.71424e-11 2.89622e-14
2.37 9.68749e-11 2.87186e-14
2.375 9.66091e-11 2.84775e-14
2.38 9.63448e-11 2.8239e-14
2.385 9.60821e-11 2.80029e-14
2.39 9.5821e-11 2.77693e-14
2.395 9.55615e-11 2.75381e-14
2.4 9.53035e-11 2.73094e-14
2.405 9.50471e-11 2.7083e-14
2.41 9.47922e-11 2.68589e-14
2.415 9.45388e-11 2.66372e-14
2.42 9.42869e-11 2.64177e-14
2.425 9.40365e-11 2.62005e-14
2.43 9.37875e-11 2.59855e-14
2.435 9.35401e-11 2.57728e-14
2.44 9.32941e-11 2.55622e-14
2.445 9.30495e-11 2.53537e-14
2.45 9.28064e-11 2.51474e-14
2.455 9.25647e-11 2.49431e-14
2.46 9.23244e-11 2.47409e-14
2.465 9.20855e-11 2.45408e-14
2.47 9.1848e-11 2.43427e-14
2.475 9.16119e-11 2.41466e-14
2.48 9.13771e-11 2.39525e-14
2.485 9.11437e-11 2.37603e-14
2.49 9.09117e-11 2.357e-14
2.495 9.0681e-11 2.33816e-14
2.5 9.04516e-11 2.31951e-14
2.505 9.02235e-11 2.30105e-14
2.51 8.99968e-11 2.28277e-14
2.515 8.97713e-11 2.26467e-14
2.52 8.95472e-11 2.24675e-14
2.525 8.93243e-11 2.22901e-14
2.53 8.91027e-11 2.21144e-14
2.535 8.88823e-11 2.19404e-14
2.54 8.86632e-11 2.17682e-14
2.545 8.84454e-11 2.15976e-14
2.55 8.82288e-11 2.14287e-14
2.555 8.80134e-11 2.12615e-14
2.56 8.77992e-11 2.10958e-14
2.565 8.75862e-11 2.09318e-14
2.57 8.73744e-11 2.07694e-14
2.575 8.71638e-11 2.06086e-14
2.58 8.69544e-11 2.04493e-14
2.585 8.67462e-11 2.02915e-14
2.59 8.65391e-11 2.01353e-14
2.595 8.63331e-11 1.99805e-14
2.6 8.61284e-11 1.98273e-14
2.605 8.59247e-11 1.96755e-14
2.61 8.57222e-11 1.95252e-14
2.615 8.55208e-11 1.93763e-14
2.62 8.53205e-11 1.92288e-14
2.625 8.51213e-11 1.90827e-14
2.63 8.49233e-11 1.8938e-14
2.635 8.47263e-11 1.87947e-14
2.64 8.45304e-11 1.86527e-14
2.645 8.43355e-11 1.8512e-14
2.65 8.41417e-11 1.83727e-14
2.655 8.3949e-11 1.82347e-14
2.66 8.37574e-11 1.8098e-14
2.665 8.35667e-11 1.79625e-14
2.67 8.33772e-11 1.78284e-14
2.675 8.31886e-11 1.76955e-14
2.68 8.30011e-11 1.75638e-14
2.685 8.28146e-11 1.74333e-14
2.69 8.2629e-11 1.7304e-14
2.695 8.24445e-11 1.7176e-14
2.7 8.2261e-11 1.70491e-14
2.705 8.20785e-11 1.69234e-14
2.71 8.18969e-11 1.67989e-14
2.715 8.17164e-11 1.66754e-14
2.72 8.15368e-11 1.65532e-14
2.725 8.13581e-11 1.6432e-14
2.73 8.11804e-11 1.6312e-14
2.735 8.10037e-11 1.6193e-14
2.74 8.08278e-11 1.60751e-14
2.745 8.0653e-11 1.59583e-14
2.75 8.0479e-11 1.58426e-14
2.755 8.0306e-11 1.57279e-14
2.76 8.01339e-11 1.56142e-14
2.765 7.99627e-11 1.55016e-14
2.77 7.97924e-11 1.539e-14
2.775 7.96229e-11 1.52793e-14
2.78 7.94544e-11 1.51697e-14
2.785 7.92868e-11 1.50611e-14
2.79 7.912e-11 1.49534e-14
2.795 7.89542e-11 1.48467e-14
2.8 7.87891e-11 1.47409e-14
2.805 7.8625e-11 1.46361e-14
2.81 7.84617e-11 1.45322e-14
2.815 7.82992e-11 1.44292e-14
2.82 7.81376e-11 1.43272e-14
2.825 7.79768e-11 1.4226e-14
2.83 7.78169e-11 1.41257e-14
2.835 7.76578e-11 1.40263e-14
2.84 7.74995e-11 1.39278e-14
2.845 7.7342e-11 1.38302e-14
2.85 7.71854e-11 1.37334e-14
2.855 7.70295e-11 1.36374e-14
2.86 7.68745e-11 1.35423e-14
2.865 7.67202e-11 1.3448e-14
2.87 7.65667e-11 1.33545e-14
2.875 7.6414e-11 1.32619e-14
2.88 7.62621e-11 1.317e-14
2.885 7.6111e-11 1.3079e-14
2.89 7.59606e-11 1.29887e-14
2.895 7.5811e-11 1.28992e-14
2.9 7.56622e-11 1.28105e-14
2.905 7.55141e-11 1.27225e-14
2.91 7.53668e-11 1.26353e-14
2.915 7.52202e-11 1.25488e-14
2.92 7.50743e-11 1.24631e-14
2.925 7.49292e-11 1.23781e-14
2.93 7.47848e-11 1.22938e-14
2.935 7.46412e-11 1.22102e-14
2.94 7.44982e-11 1.21274e-14
2.945 7.4356e-11 1.20452e-14
2.95 7.42145e-11 1.19638e-14
2.955 7.40737e-11 1.1883e-14
2.96 7.39336e-11 1.18029e-14
2.965 7.37942e-11 1.17235e-14
2.97 7.36555e-11 1.16448e-14
2.975 7.35175e-11 1.15667e-14
2.98 7.33802e-11 1.14893e-14
2.985 7.32435e-11 1.14125e-14
2.99 7.31076e-11 1.13363e-14
2.995 7.29723e-11 1.12608e-14
3 7.28376e-11 1.11859e-14
3.005 7.27037e-11 1.11117e-14
3.01 7.25704e-11 1.1038e-14
3.015 7.24378e-11 1.0965e-14
3.02 7.23058e-11 1.08925e-14
3.025 7.21744e-11 1.08207e-14
3.03 7.20437e-11 1.07495e-14
3.035 7.19137e-11 1.06788e-14
3.04 7.17843e-11 1.06087e-14
3.045 7.16555e-11 1.05392e-14
3.05 7.15273e-11 1.04703e-14
3.055 7.13998e-11 1.04019e-14
3.06 7.12729e-11 1.03341e-14
3.065 7.11466e-11 1.02668e-14
3.07 7.10209e-11 1.02001e-14
3.075 7.08959e-11 1.01339e-14
3.08 7.07714e-11 1.00682e-14
3.085 7.06475e-11 1.00031e-14
3.09 7.05243e-11 9.93855e-15
3.095 7.04016e-11 9.87448e-15
3.1 7.02796e-11 9.81093e-15
3.105 7.01581e-11 9.74788e-15
3.11 7.00372e-11 9.68535e-15
3.115 6.99169e-11 9.62331e-15
3.12 6.97971e-11 9.56177e-15
3.125 6.9678e-11 9.50072e-15
3.13 6.95594e-11 9.44016e-15
3.135 6.94414e-11 9.38008e-15
3.14 6.93239e-11 9.32048e-15
3.145 6.9207e-11 9.26135e-15
3.15 6.90907e-11 9.20268e-15
3.155 6.89749e-11 9.14449e-15
3.16 6.88597e-11 9.08675e-15
3.165 6.8745e-11 9.02946e-15
3.17 6.86308e-11 8.97263e-15
3.175 6.85173e-11 8.91624e-15
3.18 6.84042e-11 8.8603e-15
3.185 6.82917e-11 8.80479e-15
3.19 6.81797e-11 8.74972e-15
3.195 6.80682e-11 8.69507e-15
3.2 6.79573e-11 8.64086e-15
3.205 6.78469e-11 8.58706e-15
3.21 6.7737e-11 8.53369e-15
3.215 6.76276e-11 8.48072e-15
3.22 6.75188e-11 8.42817e-15
3.225 6.74104e-11 8.37602e-15
3.23 6.73026e-11 8.32428e-15
3.235 6.71952e-11 8.27294e-15
3.24 6.70884e-11 8.22199e-15
3.245 6.69821e-11 8.17143e-15
3.25 6.68763e-11 8.12126e-15
3.255 6.67709e-11 8.07147e-15
3.26 6.66661e-11 8.02207e-15
3.265 6.65617e-11 7.97304e-15
3.27 6.64578e-11 7.92439e-15
3.275 6.63544e-11 7.87611e-15
3.28 6.62515e-11 7.82819e-15
3.285 6.61491e-11 7.78064e-15
3.29 6.60471e-11 7.73345e-15
3.295 6.59457e-11 7.68661e-15
3.3 6.58446e-11 7.64013e-15
3.305 6.57441e-11 7.59401e-15
3.31 6.5644e-11 7.54822e-15
3.315 6.55444e-11 7.50279e-15
3.32 6.54452e-11 7.45769e-15
3.325 6.53465e-11 7.41293e-15
3.33 6.52483e-11 7.36851e-15
3.335 6.51505e-11 7.32442e-15
3.34 6.50531e-11 7.28066e-15
3.345 6.49562e-11 7.23723e-15
3.35 6.48598e-11 7.19412e-15
3.355 6.47637e-11 7.15133e-15
3.36 6.46682e-11 7.10886e-15
3.365 6.4573e-11 7.0667e-15
3.37 6.44783e-11 7.02485e-15
3.375 6.4384e-11 6.98332e-15
3.38 6.42902e-11 6.94209e-15
3.385 6.41968e-11 6.90116e-15
3.39 6.41038e-11 6.86053e-15
3.395 6.40112e-11 6.82021e-15
3.4 6.39191e-11 6.78018e-15
3.405 6.38274e-11 6.74044e-15
3.41 6.37361e-11 6.70099e-15
3.415 6.36452e-11 6.66184e-15
3.42 6.35547e-11 6.62296e-15
3.425 6.34646e-11 6.58437e-15
3.43 6.33749e-11 6.54606e-15
3.435 6.32857e-11 6.50803e-15
3.44 6.31968e-11 6.47028e-15
3.445 6.31083e-11 6.4328e-15
3.45 6.30203e-11 6.39559e-15
3.455 6.29326e-11 6.35864e-15
3.46 6.28454e-11 6.32197e-15
3.465 6.27585e-11 6.28556e-15
3.47 6.2672e-11 6.24941e-15
3.475 6.25859e-11 6.21352e-15
3.48 6.25002e-11 6.17788e-15
3.485 6.24149e-11 6.14251e-15
3.49 6.23299e-11 6.10738e-15
3.495 6.22454e-11 6.07251e-15
3.5 6.21612e-11 6.03788e-15
3.505 6.20774e-11 6.0035e-15
3.51 6.19939e-11 5.96937e-15
3.515 6.19109e-11 5.93547e-15
3.52 6.18282e-11 5.90182e-15
3.525 6.17459e-11 5.86841e-15
3.53 6.16639e-11 5.83523e-15
3.535 6.15823e-11 5.80229e-15
3.54 6.15011e-11 5.76957e-15
3.545 6.14202e-11 5.73709e-15
3.55 6.13397e-11 5.70484e-15
3.555 6.12596e-11 5.67281e-15
3.56 6.11798e-11 5.64101e-15
3.565 6.11003e-11 5.60943e-15
3.57 6.10213e-11 5.57807e-15
3.575 6.09425e-11 5.54693e-15
3.58 6.08641e-11 5.51601e-15
3.585 6.07861e-11 5.4853e-15
3.59 6.07084e-11 5.4548e-15
3.595 6.0631e-11 5.42452e-15
3.6 6.0554e-11 5.39444e-15
3.605 6.04774e-11 5.36458e-15
3.61 6.0401e-11 5.33492e-15
3.615 6.0325e-11 5.30547e-15
3.62 6.02494e-11 5.27621e-15
3.625 6.0174e-11 5.24717e-15
3.63 6.0099e-11 5.21831e-15
3.635 6.00244e-11 5.18966e-15
3.64 5.995e-11 5.16121e-15
3.645 5.9876e-11 5.13295e-15
3.65 5.98023e-11 5.10488e-15
3.655 5.9729e-11 5.077e-15
3.66 5.96559e-11 5.04931e-15
3.665 5.95832e-11 5.02182e-15
3.67 5.95108e-11 4.99451e-15
3.675 5.94387e-11 4.96738e-15
3.68 5.93669e-11 4.94044e-15
3.685 5.92955e-11 4.91368e-15
3.69 5.92243e-11 4.8871e-15
3.695 5.91535e-11 4.8607e-15
3.7 5.9083e-11 4.83448e-15
3.705 5.90128e-11 4.80844e-15
3.71 5.89428e-11 4.78257e-15
3.715 5.88732e-11 4.75687e-15
3.72 5.88039e-11 4.73135e-15
3.725 5.87349e-11 4.706e-15
3.73 5.86662e-11 4.68081e-15
3.735 5.85978e-11 4.6558e-15
3.74 5.85297e-11 4.63095e-15
3.745 5.84619e-11 4.60627e-15
3.75 5.83944e-11 4.58175e-15
3.755 5.83272e-11 4.5574e-15
3.76 5.82602e-11 4.53321e-15
3.765 5.81936e-11 4.50917e-15
3.77 5.81273e-11 4.4853e-15
3.775 5.80612e-11 4.46158e-15
3.78 5.79954e-11 4.43802e-15
3.785 5.79299e-11 4.41462e-15
3.79 5.78647e-11 4.39137e-15
3.795 5.77998e-11 4.36827e-15
3.8 5.77351e-11 4.34533e-15
3.805 5.76708e-11 4.32253e-15
3.81 5.76067e-11 4.29989e-15
3.815 5.75429e-11 4.27739e-15
3.82 5.74794e-11 4.25504e-15
3.825 5.74161e-11 4.23283e-15
3.83 5.73531e-11 4.21077e-15
3.835 5.72904e-11 4.18885e-15
3.84 5.7228e-11 4.16708e-15
3.845 5.71658e-11 4.14545e-15
3.85 5.71039e-11 4.12395e-15
3.855 5.70422e-11 4.1026e-15
3.86 5.69809e-11 4.08138e-15
3.865 5.69198e-11 4.06031e-15
3.87 5.68589e-11 4.03936e-15
3.875 5.67983e-11 4.01856e-15
3.88 5.6738e-11 3.99788e-15
3.885 5.66779e-11 3.97734e-15
3.89 5.66181e-11 3.95693e-15
3.895 5.65586e-11 3.93665e-15
3.9 5.64993e-11 3.9165e-15
3.905 5.64403e-11 3.89648e-15
3.91 5.63815e-11 3.87659e-15
3.915 5.63229e-11 3.85682e-15
3.92 5.62647e-11 3.83718e-15
3.925 5.62066e-11 3.81767e-15
3.93 5.61489e-11 3.79828e-15
3.935 5.60913e-11 3.77901e-15
3.94 5.6034e-11 3.75986e-15
3.945 5.5977e-11 3.74084e-15
3.95 5.59202e-11 3.72193e-15
3.955 5.58637e-11 3.70315e-15
3.96 5.58074e-11 3.68448e-15
3.965 5.57513e-11 3.66593e-15
3.97 5.56955e-11 3.6475e-15
3.975 5.56399e-11 3.62918e-15
3.98 5.55845e-11 3.61097e-15
3.985 5.55294e-11 3.59289e-15
3.99 5.54745e-11 3.57491e-15
3.995 5.54199e-11 3.55705e-15
4 5.53655e-11 3.5393e-15
4.005 5.53113e-11 3.52165e-15
4.01 5.52574e-11 3.50412e-15
4.015 5.52037e-11 3.4867e-15
4.02 5.51502e-11 3.46939e-15
4.025 5.50969e-11 3.45218e-15
4.03 5.50439e-11 3.43508e-15
4.035 5.49911e-11 3.41808e-15
4.04 5.49386e-11 3.40119e-15
4.045 5.48862e-11 3.38441e-15
4.05 5.48341e-11 3.36773e-15
4.055 5.47822e-11 3.35115e-15
4.06 5.47305e-11 3.33467e-15
4.065 5.46791e-11 3.31829e-15
4.07 5.46278e-11 3.30202e-15
4.075 5.45768e-11 3.28584e-15
4.08 5.4526e-11 3.26976e-15
4.085 5.44754e-11 3.25378e-15
4.09 5.44251e-11 3.2379e-15
4.095 5.43749e-11 3.22212e-15
4.1 5.4325e-11 3.20643e-15
4.105 5.42753e-11 3.19083e-15
4.11 5.42258e-11 3.17533e-15
4.115 5.41765e-11 3.15993e-15
4.12 5.41274e-11 3.14462e-15
4.125 5.40785e-11 3.1294e-15
4.13 5.40299e-11 3.11427e-15
4.135 5.39814e-11 3.09924e-15
4.14 5.39332e-11 3.08429e-15
4.145 5.38851e-11 3.06944e-15
4.15 5.38373e-11 3.05467e-15
4.155 5.37896e-11 3.03999e-15
4.16 5.37422e-11 3.0254e-15
4.165 5.3695e-11 3.0109e-15
4.17 5.3648e-11 2.99649e-15
4.175 5.36012e-11 2.98216e-15
4.18 5.35545e-11 2.96792e-15
4.185 5.35081e-11 2.95376e-15
4.19 5.34619e-11 2.93968e-15
4.195 5.34159e-11 2.92569e-15
4.2 5.337e-11 2.91179e-15
4.205 5.33244e-11 2.89796e-15
4.21 5.3279e-11 2.88422e-15
4.215 5.32337e-11 2.87056e-15
4.22 5.31887e-11 2.85698e-15
4.225 5.31439e-11 2.84348e-15
4.23 5.30992e-11 2.83006e-15
4.235 5.30547e-11 2.81672e-15
4.24 5.30105e-11 2.80345e-15
4.245 5.29664e-11 2.79027e-15
4.25 5.29225e-11 2.77716e-15
4.255 5.28788e-11 2.76413e-15
4.26 5.28352e-11 2.75118e-15
4.265 5.27919e-11 2.7383e-15
4.27 5.27488e-11 2.72549e-15
4.275 5.27058e-11 2.71277e-15
4.28 5.2663e-11 2.70011e-15
4.285 5.26204e-11 2.68753e-15
4.29 5.2578e-11 2.67502e-15
4.295 5.25358e-11 2.66259e-15
4.3 5.24938e-11 2.65023e-15
4.305 5.24519e-11 2.63794e-15
4.31 5.24102e-11 2.62572e-15
4.315 5.23687e-11 2.61357e-15
4.32 5.23274e-11 2.60149e-15
4.325 5.22862e-11 2.58948e-15
4.33 5.22453e-11 2.57754e-15
4.335 5.22045e-11 2.56567e-15
4.34 5.21639e-11 2.55386e-15
4.345 5.21234e-11 2.54213e-15
4.35 5.20832e-11 2.53046e-15
4.355 5.20431e-11 2.51886e-15
4.36 5.20032e-11 2.50733e-15
4.365 5.19634e-11 2.49586e-15
4.37 5.19239e-11 2.48445e-15
4.375 5.18845e-11 2.47312e-15
4.38 5.18452e-11 2.46184e-15
4.385 5.18062e-11 2.45063e-15
4.39 5.17673e-11 2.43949e-15
4.395 5.17286e-11 2.42841e-15
4.4 5.169e-11 2.41739e-15
4.405 5.16516e-11 2.40643e-15
4.41 5.16134e-11 2.39553e-15
4.415 5.15754e-11 2.3847e-15
4.42 5.15375e-11 2.37393e-15
4.425 5.14997e-11 2.36322e-15
4.43 5.14622e-11 2.35257e-15
4.435 5.14248e-11 2.34198e-15
4.44 5.13876e-11 2.33144e-15
4.445 5.13505e-11 2.32097e-15
4.45 5.13136e-11 2.31056e-15
4.455 5.12769e-11 2.3002e-15
4.46 5.12403e-11 2.2899e-15
4.465 5.12038e-11 2.27966e-15
4.47 5.11676e-11 2.26948e-15
4.475 5.11315e-11 2.25936e-15
4.48 5.10955e-11 2.24929e-15
4.485 5.10597e-11 2.23927e-15
4.49 5.10241e-11 2.22931e-15
4.495 5.09886e-11 2.21941e-15
4.5 5.09533e-11 2.20956e-15
4.505 5.09181e-11 2.19977e-15
4.51 5.08831e-11 2.19003e-15
4.515 5.08483e-11 2.18035e-15
4.52 5.08136e-11 2.17072e-15
4.525 5.0779e-11 2.16114e-15
4.53 5.07446e-11 2.15161e-15
4.535 5.07104e-11 2.14214e-15
4.54 5.06763e-11 2.13272e-15
4.545 5.06424e-11 2.12335e-15
4.55 5.06086e-11 2.11403e-15
4.555 5.05749e-11 2.10476e-15
4.56 5.05414e-11 2.09555e-15
4.565 5.05081e-11 2.08638e-15
4.57 5.04749e-11 2.07727e-15
4.575 5.04418e-11 2.0682e-15
4.58 5.04089e-11 2.05918e-15
4.585 5.03762e-11 2.05021e-15
4.59 5.03436e-11 2.0413e-15
4.595 5.03111e-11 2.03243e-15
4.6 5.02788e-11 2.0236e-15
4.605 5.02466e-11 2.01483e-15
4.61 5.02146e-11 2.0061e-15
4.615 5.01827e-11 1.99742e-15
4.62 5.01509e-11 1.98879e-15
4.625 5.01193e-11 1.9802e-15
4.63 5.00879e-11 1.97166e-15
4.635 5.00566e-11 1.96317e-15
4.64 5.00254e-11 1.95472e-15
4.645 4.99943e-11 1.94632e-15
4.65 4.99634e-11 1.93796e-15
4.655 4.99327e-11 1.92965e-15
4.66 4.99021e-11 1.92138e-15
4.665 4.98716e-11 1.91316e-15
4.67 4.98412e-11 1.90497e-15
4.675 4.9811e-11 1.89684e-15
4.68 4.9781e-11 1.88875e-15
4.685 4.9751e-11 1.8807e-15
4.69 4.97212e-11 1.87269e-15
4.695 4.96916e-11 1.86472e-15
4.7 4.9662e-11 1.8568e-15
4.705 4.96326e-11 1.84892e-15
4.71 4.96034e-11 1.84108e-15
4.715 4.95743e-11 1.83328e-15
4.72 4.95453e-11 1.82553e-15
4.725 4.95164e-11 1.81781e-15
4.73 4.94877e-11 1.81014e-15
4.735 4.94591e-11 1.80251e-15
4.74 4.94306e-11 1.79491e-15
4.745 4.94023e-11 1.78736e-15
4.75 4.93741e-11 1.77985e-15
4.755 4.9346e-11 1.77237e-15
4.76 4.93181e-11 1.76494e-15
4.765 4.92902e-11 1.75754e-15
4.77 4.92626e-11 1.75018e-15
4.775 4.9235e-11 1.74286e-15
4.78 4.92076e-11 1.73558e-15
4.785 4.91803e-11 1.72834e-15
4.79 4.91531e-11 1.72113e-15
4.795 4.9126e-11 1.71397e-15
4.8 4.90991e-11 1.70684e-15
4.805 4.90723e-11 1.69974e-15
4.81 4.90456e-11 1.69269e-15
4.815 4.90191e-11 1.68567e-15
4.82 4.89927e-11 1.67868e-15
4.825 4.89664e-11 1.67174e-15
4.83 4.89402e-11 1.66482e-15
4.835 4.89141e-11 1.65795e-15
4.84 4.88882e-11 1.65111e-15
4.845 4.88624e-11 1.6443e-15
4.85 4.88367e-11 1.63753e-15
4.855 4.88111e-11 1.6308e-15
4.86 4.87857e-11 1.6241e-15
4.865 4.87604e-11 1.61743e-15
4.87 4.87352e-11 1.6108e-15
4.875 4.87101e-11 1.6042e-15
4.88 4.86851e-11 1.59763e-15
4.885 4.86603e-11 1.5911e-15
4.89 4.86356e-11 1.58461e-15
4.895 4.8611e-11 1.57814e-15
4.9 4.85865e-11 1.57171e-15
4.905 4.85621e-11 1.56531e-15
4.91 4.85378e-11 1.55895e-15
4.915 4.85137e-11 1.55261e-15
4.92 4.84897e-11 1.54631e-15
4.925 4.84658e-11 1.54004e-15
4.93 4.8442e-11 1.5338e-15
4.935 4.84183e-11 1.52759e-15
4.94 4.83948e-11 1.52142e-15
4.945 4.83713e-11 1.51528e-15
4.95 4.8348e-11 1.50916e-15
4.955 4.83248e-11 1.50308e-15
4.96 4.83017e-11 1.49703e-15
4.965 4.82787e-11 1.49101e-15
4.97 4.82558e-11 1.48502e-15
4.975 4.8233e-11 1.47906e-15
4.98 4.82104e-11 1.47312e-15
4.985 4.81879e-11 1.46722e-15
4.99 4.81654e-11 1.46135e-15
4.995 4.81431e-11 1.45551e-15
5 4.81209e-11 1.4497e-15
5.005 4.80988e-11 1.44391e-15
5.01 4.80768e-11 1.43816e-15
5.015 4.8055e-11 1.43243e-15
5.02 4.80332e-11 1.42673e-15
5.025 4.80115e-11 1.42106e-15
5.03 4.799e-11 1.41542e-15
5.035 4.79685e-11 1.4098e-15
5.04 4.79472e-11 1.40422e-15
5.045 4.7926e-11 1.39866e-15
5.05 4.79049e-11 1.39313e-15
5.055 4.78839e-11 1.38763e-15
5.06 4.7863e-11 1.38215e-15
5.065 4.78422e-11 1.3767e-15
5.07 4.78215e-11 1.37128e-15
5.075 4.78009e-11 1.36588e-15
5.08 4.77804e-11 1.36051e-15
5.085 4.776e-11 1.35517e-15
5.09 4.77398e-11 1.34985e-15
5.095 4.77196e-11 1.34456e-15
5.1 4.76995e-11 1.33929e-15
5.105 4.76796e-11 1.33406e-15
5.11 4.76597e-11 1.32884e-15
5.115 4.764e-11 1.32365e-15
5.12 4.76203e-11 1.31849e-15
5.125 4.76008e-11 1.31335e-15
5.13 4.75813e-11 1.30824e-15
5.135 4.7562e-11 1.30315e-15
5.14 4.75428e-11 1.29809e-15
5.145 4.75236e-11 1.29305e-15
5.15 4.75046e-11 1.28804e-15
5.155 4.74857e-11 1.28305e-15
5.16 4.74668e-11 1.27808e-15
5.165 4.74481e-11 1.27314e-15
5.17 4.74294e-11 1.26822e-15
5.175 4.74109e-11 1.26333e-15
5.18 4.73925e-11 1.25846e-15
5.185 4.73741e-11 1.25361e-15
5.19 4.73559e-11 1.24878e-15
5.195 4.73378e-11 1.24398e-15
5.2 4.73197e-11 1.23921e-15
5.205 4.73018e-11 1.23445e-15
5.21 4.72839e-11 1.22972e-15
5.215 4.72662e-11 1.22501e-15
5.22 4.72485e-11 1.22032e-15
5.225 4.7231e-11 1.21566e-15
5.23 4.72135e-11 1.21102e-15
5.235 4.71962e-11 1.2064e-15
5.24 4.71789e-11 1.2018e-15
5.245 4.71617e-11 1.19722e-15
5.25 4.71447e-11 1.19267e-15
5.255 4.71277e-11 1.18814e-15
5.26 4.71108e-11 1.18362e-15
5.265 4.7094e-11 1.17913e-15
5.27 4.70773e-11 1.17467e-15
5.275 4.70607e-11 1.17022e-15
5.28 4.70442e-11 1.16579e-15
5.285 4.70278e-11 1.16139e-15
5.29 4.70115e-11 1.157e-15
5.295 4.69953e-11 1.15264e-15
5.3 4.69791e-11 1.14829e-15
5.305 4.69631e-11 1.14397e-15
5.31 4.69471e-11 1.13967e-15
5.315 4.69313e-11 1.13539e-15
5.32 4.69155e-11 1.13112e-15
5.325 4.68998e-11 1.12688e-15
5.33 4.68843e-11 1.12266e-15
5.335 4.68688e-11 1.11846e-15
5.34 4.68534e-11 1.11427e-15
5.345 4.68381e-11 1.11011e-15
5.35 4.68228e-11 1.10597e-15
5.355 4.68077e-11 1.10184e-15
5.36 4.67927e-11 1.09774e-15
5.365 4.67777e-11 1.09365e-15
5.37 4.67629e-11 1.08958e-15
5.375 4.67481e-11 1.08553e-15
5.38 4.67334e-11 1.0815e-15
5.385 4.67188e-11 1.07749e-15
5.39 4.67043e-11 1.0735e-15
5.395 4.66899e-11 1.06953e-15
5.4 4.66756e-11 1.06557e-15
5.405 4.66613e-11 1.06163e-15
5.41 4.66472e-11 1.05771e-15
5.415 4.66331e-11 1.05381e-15
5.42 4.66191e-11 1.04993e-15
5.425 4.66052e-11 1.04606e-15
5.43 4.65914e-11 1.04222e-15
5.435 4.65777e-11 1.03839e-15
5.44 4.65641e-11 1.03457e-15
5.445 4.65505e-11 1.03078e-15
5.45 4.65371e-11 1.027e-15
5.455 4.65237e-11 1.02324e-15
5.46 4.65104e-11 1.0195e-15
5.465 4.64972e-11 1.01577e-15
5.47 4.64841e-11 1.01206e-15
5.475 4.6471e-11 1.00837e-15
5.48 4.64581e-11 1.0047e-15
5.485 4.64452e-11 1.00104e-15
5.49 4.64324e-11 9.97395e-16
5.495 4.64197e-11 9.9377e-16
5.5 4.64071e-11 9.90161e-16
5.505 4.63946e-11 9.86569e-16
5.51 4.63821e-11 9.82993e-16
5.515 4.63697e-11 9.79433e-16
5.52 4.63575e-11 9.75889e-16
5.525 4.63453e-11 9.72361e-16
5.53 4.63331e-11 9.68849e-16
5.535 4.63211e-11 9.65353e-16
5.54 4.63091e-11 9.61873e-16
5.545 4.62973e-11 9.58408e-16
5.55 4.62855e-11 9.54959e-16
5.555 4.62738e-11 9.51526e-16
5.56 4.62621e-11 9.48108e-16
5.565 4.62506e-11 9.44705e-16
5.57 4.62391e-11 9.41317e-16
5.575 4.62277e-11 9.37945e-16
5.58 4.62164e-11 9.34588e-16
5.585 4.62052e-11 9.31245e-16
5.59 4.6194e-11 9.27918e-16
5.595 4.6183e-11 9.24605e-16
5.6 4.6172e-11 9.21308e-16
5.605 4.61611e-11 9.18025e-16
5.61 4.61502e-11 9.14756e-16
5.615 4.61395e-11 9.11502e-16
5.62 4.61288e-11 9.08263e-16
5.625 4.61182e-11 9.05038e-16
5.63 4.61077e-11 9.01827e-16
5.635 4.60972e-11 8.9863e-16
5.64 4.60869e-11 8.95448e-16
5.645 4.60766e-11 8.9228e-16
5.65 4.60664e-11 8.89125e-16
5.655 4.60563e-11 8.85985e-16
5.66 4.60462e-11 8.82858e-16
5.665 4.60362e-11 8.79746e-16
5.67 4.60263e-11 8.76647e-16
5.675 4.60165e-11 8.73561e-16
5.68 4.60068e-11 8.70489e-16
5.685 4.59971e-11 8.67431e-16
5.69 4.59875e-11 8.64386e-16
5.695 4.5978e-11 8.61354e-16
5.7 4.59685e-11 8.58336e-16
5.705 4.59592e-11 8.55331e-16
5.71 4.59499e-11 8.52339e-16
5.715 4.59407e-11 8.4936e-16
5.72 4.59315e-11 8.46394e-16
5.725 4.59225e-11 8.43441e-16
5.73 4.59135e-11 8.40501e-16
5.735 4.59046e-11 8.37574e-16
5.74 4.58957e-11 8.34659e-16
5.745 4.58869e-11 8.31757e-16
5.75 4.58782e-11 8.28868e-16
5.755 4.58696e-11 8.25991e-16
5.76 4.58611e-11 8.23127e-16
5.765 4.58526e-11 8.20275e-16
5.77 4.58442e-11 8.17436e-16
5.775 4.58359e-11 8.14608e-16
5.78 4.58276e-11 8.11793e-16
5.785 4.58195e-11 8.0899e-16
5.79 4.58113e-11 8.06199e-16
5.795 4.58033e-11 8.03421e-16
5.8 4.57953e-11 8.00654e-16
5.805 4.57875e-11 7.97899e-16
5.81 4.57796e-11 7.95156e-16
5.815 4.57719e-11 7.92424e-16
5.82 4.57642e-11 7.89705e-16
5.825 4.57566e-11 7.86997e-16
5.83 4.57491e-11 7.84301e-16
5.835 4.57416e-11 7.81616e-16
5.84 4.57342e-11 7.78942e-16
5.845 4.57269e-11 7.76281e-16
5.85 4.57197e-11 7.7363e-16
5.855 4.57125e-11 7.70991e-16
5.86 4.57054e-11 7.68363e-16
5.865 4.56983e-11 7.65746e-16
5.87 4.56914e-11 7.6314e-16
5.875 4.56845e-11 7.60546e-16
5.88 4.56777e-11 7.57962e-16
5.885 4.56709e-11 7.55389e-16
5.89 4.56642e-11 7.52828e-16
5.895 4.56576e-11 7.50277e-16
5.9 4.56511e-11 7.47737e-16
5.905 4.56446e-11 7.45207e-16
5.91 4.56382e-11 7.42689e-16
5.915 4.56318e-11 7.40181e-16
5.92 4.56256e-11 7.37683e-16
5.925 4.56193e-11 7.35196e-16
5.93 4.56132e-11 7.3272e-16
5.935 4.56071e-11 7.30254e-16
5.94 4.56012e-11 7.27798e-16
5.945 4.55952e-11 7.25353e-16
5.95 4.55894e-11 7.22918e-16
5.955 4.55836e-11 7.20493e-16
5.96 4.55778e-11 7.18078e-16
5.965 4.55722e-11 7.15674e-16
5.97 4.55666e-11 7.13279e-16
5.975 4.55611e-11 7.10894e-16
5.98 4.55556e-11 7.0852e-16
5.985 4.55502e-11 7.06155e-16
5.99 4.55449e-11 7.038e-16
5.995 4.55396e-11 7.01455e-16
6 4.55344e-11 6.9912e-16
6.005 4.55293e-11 6.96795e-16
6.01 4.55243e-11 6.94479e-16
6.015 4.55193e-11 6.92172e-16
6.02 4.55143e-11 6.89876e-16
6.025 4.55095e-11 6.87588e-16
6.03 4.55047e-11 6.85311e-16
6.035 4.55e-11 6.83042e-16
6.04 4.54953e-11 6.80783e-16
6.045 4.54907e-11 6.78534e-16
6.05 4.54862e-11 6.76294e-16
6.055 4.54817e-11 6.74063e-16
6.06 4.54773e-11 6.71841e-16
6.065 4.5473e-11 6.69628e-16
6.07 4.54687e-11 6.67424e-16
6.075 4.54645e-11 6.6523e-16
6.08 4.54603e-11 6.63044e-16
6.085 4.54562e-11 6.60868e-16
6.09 4.54522e-11 6.587e-16
6.095 4.54483e-11 6.56541e-16
6.1 4.54444e-11 6.54391e-16
6.105 4.54406e-11 6.5225e-16
6.11 4.54368e-11 6.50118e-16
6.115 4.54331e-11 6.47994e-16
6.12 4.54295e-11 6.45879e-16
6.125 4.54259e-11 6.43772e-16
6.13 4.54224e-11 6.41675e-16
6.135 4.5419e-11 6.39585e-16
6.14 4.54156e-11 6.37505e-16
6.145 4.54123e-11 6.35432e-16
6.15 4.5409e-11 6.33368e-16
6.155 4.54058e-11 6.31313e-16
6.16 4.54027e-11 6.29265e-16
6.165 4.53996e-11 6.27227e-16
6.17 4.53966e-11 6.25196e-16
6.175 4.53937e-11 6.23173e-16
6.18 4.53908e-11 6.21159e-16
6.185 4.5388e-11 6.19153e-16
6.19 4.53852e-11 6.17155e-16
6.195 4.53825e-11 6.15165e-16
6.2 4.53799e-11 6.13183e-16
6.205 4.53773e-11 6.11209e-16
6.21 4.53748e-11 6.09243e-16
6.215 4.53724e-11 6.07285e-16
6.22 4.537e-11 6.05334e-16
6.225 4.53677e-11 6.03392e-16
6.23 4.53654e-11 6.01457e-16
6.235 4.53632e-11 5.9953e-16
6.24 4.5361e-11 5.97611e-16
6.245 4.5359e-11 5.95699e-16
6.25 4.53569e-11 5.93795e-16
6.255 4.5355e-11 5.91899e-16
6.26 4.53531e-11 5.9001e-16
6.265 4.53512e-11 5.88129e-16
6.27 4.53495e-11 5.86255e-16
6.275 4.53477e-11 5.84389e-16
6.28 4.53461e-11 5.8253e-16
6.285 4.53445e-11 5.80678e-16
6.29 4.53429e-11 5.78834e-16
6.295 4.53415e-11 5.76997e-16
6.3 4.534e-11 5.75168e-16
6.305 4.53387e-11 5.73345e-16
6.31 4.53374e-11 5.7153e-16
6.315 4.53361e-11 5.69722e-16
6.32 4.53349e-11 5.67922e-16
6.325 4.53338e-11 5.66128e-16
6.33 4.53328e-11 5.64341e-16
6.335 4.53317e-11 5.62562e-16
6.34 4.53308e-11 5.60789e-16
6.345 4.53299e-11 5.59024e-16
6.35 4.53291e-11 5.57265e-16
6.355 4.53283e-11 5.55513e-16
6.36 4.53276e-11 5.53769e-16
6.365 4.53269e-11 5.52031e-16
6.37 4.53263e-11 5.50299e-16
6.375 4.53258e-11 5.48575e-16
6.38 4.53253e-11 5.46857e-16
6.385 4.53249e-11 5.45146e-16
6.39 4.53245e-11 5.43442e-16
6.395 4.53242e-11 5.41745e-16
6.4 4.5324e-11 5.40054e-16
6.405 4.53238e-11 5.38369e-16
6.41 4.53236e-11 5.36691e-16
6.415 4.53236e-11 5.3502e-16
6.42 4.53235e-11 5.33355e-16
6.425 4.53236e-11 5.31697e-16
6.43 4.53237e-11 5.30045e-16
6.435 4.53238e-11 5.284e-16
6.44 4.5324e-11 5.26761e-16
6.445 4.53243e-11 5.25128e-16
6.45 4.53246e-11 5.23501e-16
6.455 4.5325e-11 5.21881e-16
6.46 4.53254e-11 5.20267e-16
6.465 4.53259e-11 5.1866e-16
6.47 4.53265e-11 5.17058e-16
6.475 4.53271e-11 5.15463e-16
6.48 4.53277e-11 5.13874e-16
6.485 4.53284e-11 5.12291e-16
6.49 4.53292e-11 5.10714e-16
6.495 4.533e-11 5.09143e-16
6.5 4.53309e-11 5.07579e-16
6.505 4.53318e-11 5.0602e-16
6.51 4.53328e-11 5.04467e-16
6.515 4.53339e-11 5.0292e-16
6.52 4.5335e-11 5.01379e-16
6.525 4.53362e-11 4.99844e-16
6.53 4.53374e-11 4.98315e-16
6.535 4.53386e-11 4.96792e-16
6.54 4.534e-11 4.95274e-16
6.545 4.53414e-11 4.93763e-16
6.55 4.53428e-11 4.92257e-16
6.555 4.53443e-11 4.90756e-16
6.56 4.53458e-11 4.89262e-16
6.565 4.53474e-11 4.87773e-16
6.57 4.53491e-11 4.8629e-16
6.575 4.53508e-11 4.84812e-16
6.58 4.53526e-11 4.83341e-16
6.585 4.53544e-11 4.81874e-16
6.59 4.53563e-11 4.80413e-16
6.595 4.53582e-11 4.78958e-16
6.6 4.53602e-11 4.77508e-16
6.605 4.53622e-11 4.76064e-16
6.61 4.53643e-11 4.74625e-16
6.615 4.53665e-11 4.73192e-16
6.62 4.53687e-11 4.71764e-16
6.625 4.53709e-11 4.70341e-16
6.63 4.53732e-11 4.68924e-16
6.635 4.53756e-11 4.67512e-16
6.64 4.5378e-11 4.66106e-16
6.645 4.53805e-11 4.64704e-16
6.65 4.5383e-11 4.63308e-16
6.655 4.53856e-11 4.61918e-16
6.66 4.53882e-11 4.60532e-16
6.665 4.53909e-11 4.59152e-16
6.67 4.53936e-11 4.57776e-16
6.675 4.53964e-11 4.56406e-16
6.68 4.53992e-11 4.55041e-16
6.685 4.54021e-11 4.53682e-16
6.69 4.54051e-11 4.52327e-16
6.695 4.54081e-11 4.50977e-16
6.7 4.54111e-11 4.49632e-16
6.705 4.54143e-11 4.48293e-16
6.71 4.54174e-11 4.46958e-16
6.715 4.54206e-11 4.45628e-16
6.72 4.54239e-11 4.44303e-16
6.725 4.54272e-11 4.42984e-16
6.73 4.54306e-11 4.41669e-16
6.735 4.5434e-11 4.40358e-16
6.74 4.54375e-11 4.39053e-16
6.745 4.5441e-11 4.37753e-16
6.75 4.54446e-11 4.36457e-16
6.755 4.54482e-11 4.35166e-16
6.76 4.54519e-11 4.3388e-16
6.765 4.54556e-11 4.32599e-16
6.77 4.54594e-11 4.31322e-16
6.775 4.54633e-11 4.30051e-16
6.78 4.54671e-11 4.28783e-16
6.785 4.54711e-11 4.27521e-16
6.79 4.54751e-11 4.26263e-16
6.795 4.54791e-11 4.2501e-16
6.8 4.54832e-11 4.23761e-16
6.805 4.54874e-11 4.22517e-16
6.81 4.54916e-11 4.21278e-16
6.815 4.54958e-11 4.20043e-16
6.82 4.55001e-11 4.18812e-16
6.825 4.55045e-11 4.17586e-16
6.83 4.55089e-11 4.16365e-16
6.835 4.55133e-11 4.15148e-16
6.84 4.55179e-11 4.13935e-16
6.845 4.55224e-11 4.12727e-16
6.85 4.5527e-11 4.11523e-16
6.855 4.55317e-11 4.10324e-16
6.86 4.55364e-11 4.09129e-16
6.865 4.55412e-11 4.07938e-16
6.87 4.5546e-11 4.06752e-16
6.875 4.55508e-11 4.0557e-16
6.88 4.55557e-11 4.04392e-16
6.885 4.55607e-11 4.03219e-16
6.89 4.55657e-11 4.0205e-16
6.895 4.55708e-11 4.00885e-16
6.9 4.55759e-11 3.99724e-16
6.905 4.55811e-11 3.98568e-16
6.91 4.55863e-11 3.97415e-16
6.915 4.55916e-11 3.96267e-16
6.92 4.55969e-11 3.95123e-16
6.925 4.56022e-11 3.93983e-16
6.93 4.56077e-11 3.92847e-16
6.935 4.56131e-11 3.91716e-16
6.94 4.56186e-11 3.90588e-16
6.945 4.56242e-11 3.89464e-16
6.95 4.56298e-11 3.88345e-16
6.955 4.56355e-11 3.87229e-16
6.96 4.56412e-11 3.86118e-16
6.965 4.5647e-11 3.8501e-16
6.97 4.56528e-11 3.83907e-16
6.975 4.56587e-11 3.82807e-16
6.98 4.56646e-11 3.81711e-16
6.985 4.56705e-11 3.8062e-16
6.99 4.56765e-11 3.79532e-16
6.995 4.56826e-11 3.78448e-16
7 4.56887e-11 3.77368e-16
7.005 4.56949e-11 3.76291e-16
7.01 4.57011e-11 3.75219e-16
7.015 4.57073e-11 3.7415e-16
7.02 4.57137e-11 3.73085e-16
7.025 4.572e-11 3.72024e-16
7.03 4.57264e-11 3.70967e-16
7.035 4.57329e-11 3.69914e-16
7.04 4.57394e-11 3.68864e-16
7.045 4.57459e-11 3.67818e-16
7.05 4.57525e-11 3.66775e-16
7.055 4.57592e-11 3.65737e-16
7.06 4.57659e-11 3.64702e-16
7.065 4.57726e-11 3.63671e-16
7.07 4.57794e-11 3.62643e-16
7.075 4.57863e-11 3.61619e-16
7.08 4.57932e-11 3.60598e-16
7.085 4.58001e-11 3.59582e-16
7.09 4.58071e-11 3.58568e-16
7.095 4.58141e-11 3.57559e-16
7.1 4.58212e-11 3.56552e-16
7.105 4.58284e-11 3.5555e-16
7.11 4.58355e-11 3.54551e-16
7.115 4.58428e-11 3.53555e-16
7.12 4.58501e-11 3.52563e-16
7.125 4.58574e-11 3.51574e-16
7.13 4.58648e-11 3.50589e-16
7.135 4.58722e-11 3.49608e-16
7.14 4.58797e-11 3.48629e-16
7.145 4.58872e-11 3.47654e-16
7.15 4.58948e-11 3.46683e-16
7.155 4.59024e-11 3.45715e-16
7.16 4.591e-11 3.4475e-16
7.165 4.59177e-11 3.43789e-16
7.17 4.59255e-11 3.42831e-16
7.175 4.59333e-11 3.41876e-16
7.18 4.59412e-11 3.40925e-16
7.185 4.59491e-11 3.39977e-16
7.19 4.5957e-11 3.39032e-16
7.195 4.5965e-11 3.38091e-16
7.2 4.59731e-11 3.37153e-16
7.205 4.59812e-11 3.36218e-16
7.21 4.59893e-11 3.35286e-16
7.215 4.59975e-11 3.34358e-16
7.22 4.60057e-11 3.33433e-16
7.225 4.6014e-11 3.3251e-16
7.23 4.60223e-11 3.31592e-16
7.235 4.60307e-11 3.30676e-16
7.24 4.60391e-11 3.29763e-16
7.245 4.60476e-11 3.28854e-16
7.25 4.60561e-11 3.27948e-16
7.255 4.60647e-11 3.27045e-16
7.26 4.60733e-11 3.26145e-16
7.265 4.6082e-11 3.25248e-16
7.27 4.60907e-11 3.24354e-16
7.275 4.60994e-11 3.23463e-16
7.28 4.61082e-11 3.22575e-16
7.285 4.61171e-11 3.21691e-16
7.29 4.6126e-11 3.20809e-16
7.295 4.61349e-11 3.1993e-16
7.3 4.61439e-11 3.19055e-16
7.305 4.61529e-11 3.18182e-16
7.31 4.6162e-11 3.17313e-16
7.315 4.61711e-11 3.16446e-16
7.32 4.61803e-11 3.15582e-16
7.325 4.61895e-11 3.14721e-16
7.33 4.61988e-11 3.13864e-16
7.335 4.62081e-11 3.13009e-16
7.34 4.62175e-11 3.12157e-16
7.345 4.62269e-11 3.11307e-16
7.35 4.62363e-11 3.10461e-16
7.355 4.62458e-11 3.09618e-16
7.36 4.62554e-11 3.08777e-16
7.365 4.6265e-11 3.0794e-16
7.37 4.62746e-11 3.07105e-16
7.375 4.62843e-11 3.06273e-16
7.38 4.6294e-11 3.05444e-16
7.385 4.63038e-11 3.04617e-16
7.39 4.63136e-11 3.03794e-16
7.395 4.63235e-11 3.02973e-16
7.4 4.63334e-11 3.02155e-16
7.405 4.63434e-11 3.0134e-16
7.41 4.63534e-11 3.00527e-16
7.415 4.63634e-11 2.99718e-16
7.42 4.63735e-11 2.9891e-16
7.425 4.63837e-11 2.98106e-16
7.43 4.63938e-11 2.97305e-16
7.435 4.64041e-11 2.96506e-16
7.44 4.64144e-11 2.95709e-16
7.445 4.64247e-11 2.94916e-16
7.45 4.64351e-11 2.94125e-16
7.455 4.64455e-11 2.93337e-16
7.46 4.64559e-11 2.92551e-16
7.465 4.64665e-11 2.91768e-16
7.47 4.6477e-11 2.90988e-16
7.475 4.64876e-11 2.9021e-16
7.48 4.64983e-11 2.89435e-16
7.485 4.6509e-11 2.88662e-16
7.49 4.65197e-11 2.87892e-16
7.495 4.65305e-11 2.87124e-16
7.5 4.65413e-11 2.8636e-16
7.505 4.65522e-11 2.85597e-16
7.51 4.65631e-11 2.84837e-16
7.515 4.65741e-11 2.8408e-16
7.52 4.65851e-11 2.83325e-16
7.525 4.65961e-11 2.82573e-16
7.53 4.66072e-11 2.81823e-16
7.535 4.66184e-11 2.81076e-16
7.54 4.66296e-11 2.80331e-16
7.545 4.66408e-11 2.79589e-16
7.55 4.66521e-11 2.78849e-16
7.555 4.66634e-11 2.78111e-16
7.56 4.66748e-11 2.77376e-16
7.565 4.66862e-11 2.76644e-16
7.57 4.66977e-11 2.75914e-16
7.575 4.67092e-11 2.75186e-16
7.58 4.67208e-11 2.74461e-16
7.585 4.67324e-11 2.73738e-16
7.59 4.6744e-11 2.73017e-16
7.595 4.67557e-11 2.72299e-16
7.6 4.67674e-11 2.71583e-16
7.605 4.67792e-11 2.70869e-16
7.61 4.6791e-11 2.70158e-16
7.615 4.68029e-11 2.69449e-16
7.62 4.68148e-11 2.68743e-16
7.625 4.68268e-11 2.68039e-16
7.63 4.68388e-11 2.67337e-16
7.635 4.68508e-11 2.66637e-16
7.64 4.68629e-11 2.6594e-16
7.645 4.6875e-11 2.65245e-16
7.65 4.68872e-11 2.64552e-16
7.655 4.68995e-11 2.63861e-16
7.66 4.69117e-11 2.63173e-16
7.665 4.6924e-11 2.62487e-16
7.67 4.69364e-11 2.61803e-16
7.675 4.69488e-11 2.61122e-16
7.68 4.69613e-11 2.60443e-16
7.685 4.69738e-11 2.59765e-16
7.69 4.69863e-11 2.5909e-16
7.695 4.69989e-11 2.58418e-16
7.7 4.70115e-11 2.57747e-16
7.705 4.70242e-11 2.57079e-16
7.71 4.70369e-11 2.56413e-16
7.715 4.70497e-11 2.55748e-16
7.72 4.70625e-11 2.55087e-16
7.725 4.70753e-11 2.54427e-16
7.73 4.70882e-11 2.53769e-16
7.735 4.71012e-11 2.53114e-16
7.74 4.71141e-11 2.5246e-16
7.745 4.71272e-11 2.51809e-16
7.75 4.71402e-11 2.5116e-16
7.755 4.71534e-11 2.50513e-16
7.76 4.71665e-11 2.49868e-16
7.765 4.71797e-11 2.49225e-16
7.77 4.7193e-11 2.48584e-16
7.775 4.72063e-11 2.47945e-16
7.78 4.72196e-11 2.47308e-16
7.785 4.7233e-11 2.46673e-16
7.79 4.72464e-11 2.46041e-16
7.795 4.72599e-11 2.4541e-16
7.8 4.72734e-11 2.44781e-16
7.805 4.7287e-11 2.44155e-16
7.81 4.73006e-11 2.4353e-16
7.815 4.73142e-11 2.42907e-16
7.82 4.73279e-11 2.42287e-16
7.825 4.73416e-11 2.41668e-16
7.83 4.73554e-11 2.41051e-16
7.835 4.73693e-11 2.40437e-16
7.84 4.73831e-11 2.39824e-16
7.845 4.7397e-11 2.39213e-16
7.85 4.7411e-11 2.38604e-16
7.855 4.7425e-11 2.37997e-16
7.86 4.7439e-11 2.37392e-16
7.865 4.74531e-11 2.36789e-16
7.87 4.74673e-11 2.36188e-16
7.875 4.74814e-11 2.35589e-16
7.88 4.74957e-11 2.34991e-16
7.885 4.75099e-11 2.34396e-16
7.89 4.75242e-11 2.33802e-16
7.895 4.75386e-11 2.33211e-16
7.9 4.7553e-11 2.32621e-16
7.905 4.75674e-11 2.32033e-16
7.91 4.75819e-11 2.31447e-16
7.915 4.75964e-11 2.30862e-16
7.92 4.7611e-11 2.3028e-16
7.925 4.76256e-11 2.29699e-16
7.93 4.76403e-11 2.29121e-16
7.935 4.7655e-11 2.28544e-16
7.94 4.76697e-11 2.27968e-16
7.945 4.76845e-11 2.27395e-16
7.95 4.76993e-11 2.26824e-16
7.955 4.77142e-11 2.26254e-16
7.96 4.77291e-11 2.25686e-16
7.965 4.77441e-11 2.2512e-16
7.97 4.77591e-11 2.24555e-16
7.975 4.77742e-11 2.23993e-16
7.98 4.77893e-11 2.23432e-16
7.985 4.78044e-11 2.22873e-16
7.99 4.78196e-11 2.22315e-16
7.995 4.78348e-11 2.2176e-16
8 4.78501e-11 2.21206e-16
8.005 4.78654e-11 2.20654e-16
8.01 4.78808e-11 2.20103e-16
8.015 4.78962e-11 2.19555e-16
8.02 4.79116e-11 2.19008e-16
8.025 4.79271e-11 2.18462e-16
8.03 4.79426e-11 2.17919e-16
8.035 4.79582e-11 2.17377e-16
8.04 4.79738e-11 2.16837e-16
8.045 4.79895e-11 2.16298e-16
8.05 4.80052e-11 2.15761e-16
8.055 4.80209e-11 2.15226e-16
8.06 4.80367e-11 2.14692e-16
8.065 4.80526e-11 2.1416e-16
8.07 4.80685e-11 2.1363e-16
8.075 4.80844e-11 2.13102e-16
8.08 4.81003e-11 2.12575e-16
8.085 4.81164e-11 2.12049e-16
8.09 4.81324e-11 2.11525e-16
8.095 4.81485e-11 2.11003e-16
8.1 4.81647e-11 2.10483e-16
8.105 4.81808e-11 2.09964e-16
8.11 4.81971e-11 2.09447e-16
8.115 4.82133e-11 2.08931e-16
8.12 4.82297e-11 2.08417e-16
8.125 4.8246e-11 2.07904e-16
8.13 4.82624e-11 2.07393e-16
8.135 4.82789e-11 2.06884e-16
8.14 4.82953e-11 2.06376e-16
8.145 4.83119e-11 2.0587e-16
8.15 4.83285e-11 2.05365e-16
8.155 4.83451e-11 2.04862e-16
8.16 4.83617e-11 2.0436e-16
8.165 4.83784e-11 2.0386e-16
8.17 4.83952e-11 2.03361e-16
8.175 4.8412e-11 2.02864e-16
8.18 4.84288e-11 2.02369e-16
8.185 4.84457e-11 2.01875e-16
8.19 4.84626e-11 2.01382e-16
8.195 4.84796e-11 2.00891e-16
8.2 4.84966e-11 2.00402e-16
8.205 4.85137e-11 1.99914e-16
8.21 4.85307e-11 1.99427e-16
8.215 4.85479e-11 1.98942e-16
8.22 4.85651e-11 1.98458e-16
8.225 4.85823e-11 1.97976e-16
8.23 4.85996e-11 1.97496e-16
8.235 4.86169e-11 1.97016e-16
8.24 4.86342e-11 1.96539e-16
8.245 4.86516e-11 1.96062e-16
8.25 4.86691e-11 1.95587e-16
8.255 4.86866e-11 1.95114e-16
8.26 4.87041e-11 1.94642e-16
8.265 4.87217e-11 1.94171e-16
8.27 4.87393e-11 1.93702e-16
8.275 4.87569e-11 1.93235e-16
8.28 4.87746e-11 1.92768e-16
8.285 4.87924e-11 1.92303e-16
8.29 4.88102e-11 1.9184e-16
8.295 4.8828e-11 1.91378e-16
8.3 4.88459e-11 1.90917e-16
8.305 4.88638e-11 1.90458e-16
8.31 4.88818e-11 1.9e-16
8.315 4.88998e-11 1.89543e-16
8.32 4.89178e-11 1.89088e-16
8.325 4.89359e-11 1.88634e-16
8.33 4.8954e-11 1.88181e-16
8.335 4.89722e-11 1.8773e-16
8.34 4.89904e-11 1.87281e-16
8.345 4.90087e-11 1.86832e-16
8.35 4.9027e-11 1.86385e-16
8.355 4.90454e-11 1.85939e-16
8.36 4.90638e-11 1.85495e-16
8.365 4.90822e-11 1.85052e-16
8.37 4.91007e-11 1.8461e-16
8.375 4.91192e-11 1.84169e-16
8.38 4.91378e-11 1.8373e-16
8.385 4.91564e-11 1.83292e-16
8.39 4.9175e-11 1.82856e-16
8.395 4.91937e-11 1.82421e-16
8.4 4.92125e-11 1.81987e-16
8.405 4.92313e-11 1.81554e-16
8.41 4.92501e-11 1.81123e-16
8.415 4.9269e-11 1.80693e-16
8.42 4.92879e-11 1.80264e-16
8.425 4.93068e-11 1.79836e-16
8.43 4.93258e-11 1.7941e-16
8.435 4.93449e-11 1.78985e-16
8.44 4.9364e-11 1.78561e-16
8.445 4.93831e-11 1.78139e-16
8.45 4.94023e-11 1.77717e-16
8.455 4.94215e-11 1.77297e-16
8.46 4.94407e-11 1.76879e-16
8.465 4.946e-11 1.76461e-16
8.47 4.94794e-11 1.76045e-16
8.475 4.94988e-11 1.7563e-16
8.48 4.95182e-11 1.75216e-16
8.485 4.95377e-11 1.74803e-16
8.49 4.95572e-11 1.74392e-16
8.495 4.95768e-11 1.73982e-16
8.5 4.95964e-11 1.73573e-16
8.505 4.9616e-11 1.73165e-16
8.51 4.96357e-11 1.72758e-16
8.515 4.96554e-11 1.72353e-16
8.52 4.96752e-11 1.71948e-16
8.525 4.9695e-11 1.71545e-16
8.53 4.97149e-11 1.71144e-16
8.535 4.97348e-11 1.70743e-16
8.54 4.97548e-11 1.70343e-16
8.545 4.97748e-11 1.69945e-16
8.55 4.97948e-11 1.69548e-16
8.555 4.98149e-11 1.69152e-16
8.56 4.9835e-11 1.68757e-16
8.565 4.98552e-11 1.68363e-16
8.57 4.98754e-11 1.67971e-16
8.575 4.98957e-11 1.67579e-16
8.58 4.9916e-11 1.67189e-16
8.585 4.99363e-11 1.668e-16
8.59 4.99567e-11 1.66412e-16
8.595 4.99771e-11 1.66025e-16
8.6 4.99976e-11 1.65639e-16
8.605 5.00181e-11 1.65254e-16
8.61 5.00387e-11 1.64871e-16
8.615 5.00593e-11 1.64489e-16
8.62 5.00799e-11 1.64107e-16
8.625 5.01006e-11 1.63727e-16
8.63 5.01213e-11 1.63348e-16
8.635 5.01421e-11 1.6297e-16
8.64 5.01629e-11 1.62593e-16
8.645 5.01838e-11 1.62217e-16
8.65 5.02047e-11 1.61842e-16
8.655 5.02256e-11 1.61469e-16
8.66 5.02466e-11 1.61096e-16
8.665 5.02677e-11 1.60725e-16
8.67 5.02888e-11 1.60354e-16
8.675 5.03099e-11 1.59985e-16
8.68 5.0331e-11 1.59617e-16
8.685 5.03523e-11 1.59249e-16
8.69 5.03735e-11 1.58883e-16
8.695 5.03948e-11 1.58518e-16
8.7 5.04161e-11 1.58154e-16
8.705 5.04375e-11 1.57791e-16
8.71 5.0459e-11 1.57429e-16
8.715 5.04804e-11 1.57068e-16
8.72 5.05019e-11 1.56708e-16
8.725 5.05235e-11 1.56349e-16
8.73 5.05451e-11 1.55991e-16
8.735 5.05668e-11 1.55634e-16
8.74 5.05884e-11 1.55278e-16
8.745 5.06102e-11 1.54924e-16
8.75 5.0632e-11 1.5457e-16
8.755 5.06538e-11 1.54217e-16
8.76 5.06756e-11 1.53865e-16
8.765 5.06975e-11 1.53514e-16
8.77 5.07195e-11 1.53165e-16
8.775 5.07415e-11 1.52816e-16
8.78 5.07635e-11 1.52468e-16
8.785 5.07856e-11 1.52121e-16
8.79 5.08077e-11 1.51775e-16
8.795 5.08299e-11 1.51431e-16
8.8 5.08521e-11 1.51087e-16
8.805 5.08744e-11 1.50744e-16
8.81 5.08967e-11 1.50402e-16
8.815 5.0919e-11 1.50061e-16
8.82 5.09414e-11 1.49721e-16
8.825 5.09638e-11 1.49382e-16
8.83 5.09863e-11 1.49044e-16
8.835 5.10088e-11 1.48707e-16
8.84 5.10314e-11 1.48371e-16
8.845 5.1054e-11 1.48035e-16
8.85 5.10767e-11 1.47701e-16
8.855 5.10993e-11 1.47368e-16
8.86 5.11221e-11 1.47035e-16
8.865 5.11449e-11 1.46704e-16
8.87 5.11677e-11 1.46373e-16
8.875 5.11906e-11 1.46044e-16
8.88 5.12135e-11 1.45715e-16
8.885 5.12364e-11 1.45387e-16
8.89 5.12594e-11 1.45061e-16
8.895 5.12825e-11 1.44735e-16
8.9 5.13056e-11 1.4441e-16
8.905 5.13287e-11 1.44086e-16
8.91 5.13519e-11 1.43763e-16
8.915 5.13751e-11 1.4344e-16
8.92 5.13984e-11 1.43119e-16
8.925 5.14217e-11 1.42799e-16
8.93 5.1445e-11 1.42479e-16
8.935 5.14684e-11 1.4216e-16
8.94 5.14918e-11 1.41843e-16
8.945 5.15153e-11 1.41526e-16
8.95 5.15389e-11 1.4121e-16
8.955 5.15624e-11 1.40895e-16
8.96 5.1586e-11 1.4058e-16
8.965 5.16097e-11 1.40267e-16
8.97 5.16334e-11 1.39955e-16
8.975 5.16572e-11 1.39643e-16
8.98 5.1681e-11 1.39332e-16
8.985 5.17048e-11 1.39022e-16
8.99 5.17287e-11 1.38713e-16
8.995 5.17526e-11 1.38405e-16
9 5.17766e-11 1.38098e-16
9.005 5.18006e-11 1.37791e-16
9.01 5.18246e-11 1.37486e-16
9.015 5.18487e-11 1.37181e-16
9.02 5.18729e-11 1.36877e-16
9.025 5.18971e-11 1.36574e-16
9.03 5.19213e-11 1.36272e-16
9.035 5.19456e-11 1.3597e-16
9.04 5.19699e-11 1.3567e-16
9.045 5.19943e-11 1.3537e-16
9.05 5.20187e-11 1.35071e-16
9.055 5.20431e-11 1.34773e-16
9.06 5.20676e-11 1.34476e-16
9.065 5.20922e-11 1.34179e-16
9.07 5.21168e-11 1.33884e-16
9.075 5.21414e-11 1.33589e-16
9.08 5.21661e-11 1.33295e-16
9.085 5.21908e-11 1.33002e-16
9.09 5.22156e-11 1.32709e-16
9.095 5.22404e-11 1.32418e-16
9.1 5.22652e-11 1.32127e-16
9.105 5.22901e-11 1.31837e-16
9.11 5.23151e-11 1.31548e-16
9.115 5.23401e-11 1.31259e-16
9.12 5.23651e-11 1.30972e-16
9.125 5.23902e-11 1.30685e-16
9.13 5.24153e-11 1.30399e-16
9.135 5.24405e-11 1.30114e-16
9.14 5.24657e-11 1.29829e-16
9.145 5.24909e-11 1.29545e-16
9.15 5.25162e-11 1.29262e-16
9.155 5.25416e-11 1.2898e-16
9.16 5.2567e-11 1.28699e-16
9.165 5.25924e-11 1.28418e-16
9.17 5.26179e-11 1.28138e-16
9.175 5.26434e-11 1.27859e-16
9.18 5.2669e-11 1.27581e-16
9.185 5.26946e-11 1.27303e-16
9.19 5.27202e-11 1.27027e-16
9.195 5.27459e-11 1.26751e-16
9.2 5.27717e-11 1.26475e-16
9.205 5.27975e-11 1.26201e-16
9.21 5.28233e-11 1.25927e-16
9.215 5.28492e-11 1.25654e-16
9.22 5.28751e-11 1.25381e-16
9.225 5.29011e-11 1.2511e-16
9.23 5.29271e-11 1.24839e-16
9.235 5.29532e-11 1.24569e-16
9.24 5.29793e-11 1.24299e-16
9.245 5.30054e-11 1.24031e-16
9.25 5.30316e-11 1.23763e-16
9.255 5.30579e-11 1.23495e-16
9.26 5.30841e-11 1.23229e-16
9.265 5.31105e-11 1.22963e-16
9.27 5.31368e-11 1.22698e-16
9.275 5.31633e-11 1.22434e-16
9.28 5.31897e-11 1.2217e-16
9.285 5.32162e-11 1.21907e-16
9.29 5.32428e-11 1.21645e-16
9.295 5.32694e-11 1.21383e-16
9.3 5.3296e-11 1.21123e-16
9.305 5.33227e-11 1.20862e-16
9.31 5.33495e-11 1.20603e-16
9.315 5.33763e-11 1.20344e-16
9.32 5.34031e-11 1.20086e-16
9.325 5.343e-11 1.19829e-16
9.33 5.34569e-11 1.19572e-16
9.335 5.34838e-11 1.19316e-16
9.34 5.35108e-11 1.19061e-16
9.345 5.35379e-11 1.18806e-16
9.35 5.3565e-11 1.18552e-16
9.355 5.35921e-11 1.18299e-16
9.36 5.36193e-11 1.18047e-16
9.365 5.36466e-11 1.17795e-16
9.37 5.36738e-11 1.17543e-16
9.375 5.37012e-11 1.17293e-16
9.38 5.37285e-11 1.17043e-16
9.385 5.3756e-11 1.16794e-16
9.39 5.37834e-11 1.16545e-16
9.395 5.38109e-11 1.16297e-16
9.4 5.38385e-11 1.1605e-16
9.405 5.38661e-11 1.15803e-16
9.41 5.38937e-11 1.15558e-16
9.415 5.39214e-11 1.15312e-16
9.42 5.39491e-11 1.15068e-16
9.425 5.39769e-11 1.14824e-16
9.43 5.40048e-11 1.1458e-16
9.435 5.40326e-11 1.14338e-16
9.44 5.40605e-11 1.14096e-16
9.445 5.40885e-11 1.13854e-16
9.45 5.41165e-11 1.13613e-16
9.455 5.41446e-11 1.13373e-16
9.46 5.41727e-11 1.13134e-16
9.465 5.42008e-11 1.12895e-16
9.47 5.4229e-11 1.12657e-16
9.475 5.42573e-11 1.12419e-16
9.48 5.42855e-11 1.12182e-16
9.485 5.43139e-11 1.11946e-16
9.49 5.43423e-11 1.1171e-16
9.495 5.43707e-11 1.11475e-16
9.5 5.43991e-11 1.1124e-16
9.505 5.44277e-11 1.11006e-16
9.51 5.44562e-11 1.10773e-16
9.515 5.44848e-11 1.10541e-16
9.52 5.45135e-11 1.10308e-16
9.525 5.45422e-11 1.10077e-16
9.53 5.45709e-11 1.09846e-16
9.535 5.45997e-11 1.09616e-16
9.54 5.46286e-11 1.09386e-16
9.545 5.46574e-11 1.09157e-16
9.55 5.46864e-11 1.08929e-16
9.555 5.47154e-11 1.08701e-16
9.56 5.47444e-11 1.08474e-16
9.565 5.47734e-11 1.08247e-16
9.57 5.48026e-11 1.08021e-16
9.575 5.48317e-11 1.07796e-16
9.58 5.48609e-11 1.07571e-16
9.585 5.48902e-11 1.07347e-16
9.59 5.49195e-11 1.07123e-16
9.595 5.49488e-11 1.069e-16
9.6 5.49782e-11 1.06677e-16
9.605 5.50077e-11 1.06455e-16
9.61 5.50372e-11 1.06234e-16
9.615 5.50667e-11 1.06013e-16
9.62 5.50963e-11 1.05793e-16
9.625 5.51259e-11 1.05573e-16
9.63 5.51556e-11 1.05354e-16
9.635 5.51853e-11 1.05136e-16
9.64 5.52151e-11 1.04918e-16
9.645 5.52449e-11 1.047e-16
9.65 5.52747e-11 1.04483e-16
9.655 5.53047e-11 1.04267e-16
9.66 5.53346e-11 1.04051e-16
9.665 5.53646e-11 1.03836e-16
9.67 5.53947e-11 1.03622e-16
9.675 5.54248e-11 1.03408e-16
9.68 5.54549e-11 1.03194e-16
9.685 5.54851e-11 1.02981e-16
9.69 5.55153e-11 1.02769e-16
9.695 5.55456e-11 1.02557e-16
9.7 5.55759e-11 1.02346e-16
9.705 5.56063e-11 1.02135e-16
9.71 5.56367e-11 1.01925e-16
9.715 5.56672e-11 1.01715e-16
9.72 5.56977e-11 1.01506e-16
9.725 5.57283e-11 1.01297e-16
9.73 5.57589e-11 1.01089e-16
9.735 5.57896e-11 1.00882e-16
9.74 5.58203e-11 1.00675e-16
9.745 5.5851e-11 1.00468e-16
9.75 5.58818e-11 1.00262e-16
9.755 5.59127e-11 1.00057e-16
9.76 5.59436e-11 9.98522e-17
9.765 5.59745e-11 9.96478e-17
9.77 5.60055e-11 9.9444e-17
9.775 5.60366e-11 9.92407e-17
9.78 5.60676e-11 9.90379e-17
9.785 5.60988e-11 9.88356e-17
9.79 5.613e-11 9.86339e-17
9.795 5.61612e-11 9.84326e-17
9.8 5.61925e-11 9.82319e-17
9.805 5.62238e-11 9.80317e-17
9.81 5.62552e-11 9.7832e-17
9.815 5.62866e-11 9.76328e-17
9.82 5.6318e-11 9.74341e-17
9.825 5.63496e-11 9.72359e-17
9.83 5.63811e-11 9.70382e-17
9.835 5.64127e-11 9.6841e-17
9.84 5.64444e-11 9.66443e-17
9.845 5.64761e-11 9.64481e-17
9.85 5.65078e-11 9.62525e-17
9.855 5.65397e-11 9.60573e-17
9.86 5.65715e-11 9.58626e-17
9.865 5.66034e-11 9.56684e-17
9.87 5.66353e-11 9.54747e-17
9.875 5.66673e-11 9.52814e-17
9.88 5.66994e-11 9.50887e-17
9.885 5.67315e-11 9.48965e-17
9.89 5.67636e-11 9.47047e-17
9.895 5.67958e-11 9.45134e-17
9.9 5.6828e-11 9.43226e-17
9.905 5.68603e-11 9.41323e-17
9.91 5.68926e-11 9.39425e-17
9.915 5.6925e-11 9.37532e-17
9.92 5.69575e-11 9.35643e-17
9.925 5.69899e-11 9.33759e-17
9.93 5.70225e-11 9.3188e-17
9.935 5.7055e-11 9.30005e-17
9.94 5.70876e-11 9.28135e-17
9.945 5.71203e-11 9.2627e-17
9.95 5.7153e-11 9.2441e-17
9.955 5.71858e-11 9.22554e-17
9.96 5.72186e-11 9.20703e-17
9.965 5.72515e-11 9.18856e-17
9.97 5.72844e-11 9.17014e-17
9.975 5.73174e-11 9.15177e-17
9.98 5.73504e-11 9.13344e-17
9.985 5.73834e-11 9.11516e-17
9.99 5.74165e-11 9.09693e-17
9.995 5.74497e-11 9.07874e-17
10 5.74829e-11 9.0606e-17
